860 2898 100
468 3410 96.5116
3686 3989 96.0452
1073 3679 100
1073 710 99.435
1073 256 96.5909
2907 3857 97.1429
3679 710 99.435
3679 256 96.5909
398 3859 96.4706
962 1391 100
962 1505 100
962 1591 97.7011
3989 2515 96.4706
2045 4302 96.5116
2045 857 96.5116
864 396 98.2659
864 2057 97.076
2142 3789 96.5517
1391 1505 100
1391 1591 97.7011
3881 3713 96.5517
3881 4176 97.6744
2606 2726 96.4286
2606 1969 96.4286
2606 4299 96.4286
2606 2653 96.4286
2422 2117 98.2456
110 116 98.2659
110 2174 96.4706
110 2393 96.4706
110 3404 96.4706
3924 317 97.6744
3198 1407 100
1521 430 96.5116
1521 2084 96.4706
14 2726 96.4286
14 4299 96.4286
1549 317 97.6744
1549 3800 97.6471
1957 1350 97.076
4058 4302 97.6471
4058 938 96.4706
4058 857 97.6471
1114 2174 96.5116
3471 4059 97.6471
3857 4302 96.4706
3857 857 96.4706
3857 2302 98.2249
1097 3812 100
1097 1922 100
1097 3096 96.3855
1097 455 96.3855
1097 2541 96.3855
1097 947 96.3855
3812 1922 100
3812 3096 96.3855
3812 455 96.3855
3812 2541 96.3855
3812 947 96.3855
116 2174 98.2249
186 2846 96.5116
186 1200 96.4286
1922 3096 96.3855
1922 455 96.3855
1922 2541 96.3855
1922 947 96.3855
1591 3474 97.006
960 1873 97.006
960 144 97.006
937 3368 100
937 1840 100
937 104 98.2036
937 763 98.2036
937 202 96.3415
937 1510 96.3415
937 522 96.3415
1082 1487 97.5904
1082 4177 96.3855
1082 2220 96.3855
819 1426 100
819 2996 96.3415
819 3938 96.3415
2600 920 97.619
396 2057 98.8095
396 2805 96.3415
2143 3142 99.4083
2143 1310 96.3415
1426 2996 96.3415
1426 3938 96.3415
317 3800 97.619
3368 1840 100
3368 104 98.2036
3368 763 98.2036
3368 202 96.3415
3368 1510 96.3415
3368 522 96.3415
2208 828 96.3415
3977 4248 100
3977 92 100
35 4059 96.4286
4302 857 100
3527 2171 96.2963
1904 606 96.9325
1904 3918 96.9325
1904 3775 96.9325
1904 4309 96.2963
1904 1171 96.2963
1904 2850 96.2963
1904 3544 96.2963
1904 3541 96.2963
1350 2515 97.5904
4176 1406 96.3855
4176 1039 96.3415
4176 2312 97.561
4176 1193 96.2963
2237 3658 97.006
2237 2587 96.3855
2237 253 96.3855
2237 4038 96.3415
2237 2546 96.3415
3142 1310 96.9325
3142 2714 96.2963
4248 92 100
2174 2195 96.25
2270 2620 97.561
2270 3284 96.2963
2302 1294 96.3855
2302 1808 96.3855
2302 4177 96.3415
2302 2220 96.3415
2302 1316 96.9325
2393 3404 100
2393 2195 96.25
2084 2442 98.1595
2084 3736 96.9325
2084 2619 96.2963
2084 677 96.25
2084 1184 96.25
1395 3678 96.8944
3800 165 96.2963
1536 2198 96.9697
1536 4295 98.1818
1536 1873 96.3415
1536 144 96.3415
1536 1713 96.2963
1536 2912 96.2963
1536 3271 96.8944
1536 2449 96.8944
1536 3494 96.8944
1536 1993 96.8944
1715 2587 98.1818
1715 253 98.1818
1715 4038 96.9325
1762 940 96.3415
1762 1357 97.561
1762 171 97.561
1762 779 97.561
1762 4309 96.8944
1762 1171 96.8944
1762 2850 96.8944
