Mutagenicity - 4337

1 - 13.86

2 400 7.22
4 400 5.01
8 400 4.53
16 400 3.33

2 200 6.95
4 200 3.75
8 200 2.43
16 200 1.91

96 - 8353
98 - 2933
100 - 2029



Tox21 - 8169

1 - 72.02

4 600 19.65
8 600 13.24

2 400 36.16
4 400 19.50
8 400 12.53
16 400 9.88

2 200 35.75
4 200 18.05
8 200 10.18
16 200 6.30

2  250 36.902 8.93 4.67
4  250 19.53 4.52 2.40
8  250 12.14 2.34 1.29
16 250 10.42 1.60 1.04
32 250 10.16 1.17 0.99

96 - 60048
98 - 19618
100 - 12946





DBLP - 19456

1 - 51.24

2 1000 52.39
4 1000 27.93
8 1000 23.511
16 1000 23.61


2 200 25.52
4 200 12.86
8 200 7.31
16 200 7.84
32 200 7.91

2 100 25.54 25.33
4 100 12.94 12.84
8 100 6.82 6.81
16 100 5.48 5.37 
32 100 5.40 5.25

90 - 107740 (40.91, 20.60, 10.41, 5.99, 5.85)
96 - 96002
98 - 95920
100 - 95920




MCF-7 - 27770

1 - 999.04

2 500 480.35
4 500 244.56
8 500 124.90
16 500 67.86
32 500 50.26


2 100 491.09 78.82 8.82
4 100 246.05 39.76 6.66
8 100 124.03 20.27 6.64
16 100 63.34 11.31 6.65
32 100 44.68 10.87 6.71

96 - 379708
98 - 59720
100 - 9170




MOLT-4 - 39765

1 - 2378.83

2 500 1184.23 173.03 17.465
4 500 594.46 87.39 8.86
8 500 296.35 44.36 4.60
16 500 154.77 24.93 3.70
32 500 110.47 21.42 3.24

96 - 793589
98 - 119229
100 - 16913


